44.181249,-71.195466
41.918366,-72.005712
43.7172704,-74.8122757
42.431578,-78.242025
40.028805,-78.072494
40.962964,-75.1693099
38.7812951,-75.2495303
37.2447811,-77.6722069
38.7351425,-81.0796214
35.116217,-77.325894
36.048496,-80.748894
33.5953038,-79.9553709
33.008501,-85.14395
34.248305,-82.9919735
31.6630635,-82.2067984
30.6197865,-84.9671931
26.5421485,-81.0721787
29.133475,-82.33119
31.762621,-87.986632
36.547467,-86.024091
35.550375,-88.791957
34.0321518,-90.7752503
39.04454,-84.572608
41.4253064,-80.8392632
40.9576603,-83.6505556
43.2720871,-83.6956883
44.7642421,-85.803082
40.7870633,-93.4069745
43.088167,-93.144627
42.1795299,-90.5014658
44.6346,-89.3142
45.8452199,-92.3020302
44.8062549,-95.5528975
47.9863898,-93.7486434
44.0791011,-99.8198287
44.226764,-103.2921447
47.0518112,-98.8479264
46.5741801,-103.9267708
45.9120588,-107.9028983
48.385547,-109.708132
46.5541651,-111.7704591
47.5098827,-114.3516044
42.077878,-87.688227
39.6283842,-87.6121853
40.1263519,-90.907939
37.5580926,-89.5323701
38.2370149,-94.3506407
38.4090031,-96.7461467
39.3494489,-100.0756851
41.095547,-96.265975
41.5457858,-100.2871651
42.2149227,-103.5418724
30.5103578,-90.4285612
30.0918136,-93.5360878
32.4557283,-92.7099703
36.1390699,-91.364827
34.816637,-93.7647569
34.4638143,-98.0838427
35.177971,-95.6168919
32.6477357,-95.7963822
31.905071,-98.309506
29.785056,-99.370177
27.54832,-98.079043
29.853949,-96.3689519
34.476343,-101.521615
30.6919587,-104.0434351
31.8639016,-101.4811969
40.6328933,-106.0582466
40.2057286,-102.9845687
38.085203,-102.677471
39.3663835,-108.9054392
43.3871268,-106.8819891
43.5645573,-116.5643386
40.5999425,-112.4643988
38.6299724,-112.1207573
32.6993226,-114.0047598
31.971233,-110.851814
34.271284,-110.0593923
34.9246356,-113.0635747
36.6239481,-109.8842757
34.89641,-107.58158
32.637335,-105.660914
35.3190383,-104.4956239
36.261949,-116.037498
38.5385475,-118.5225538
40.8324211,-115.7631232
33.993522,-118.262327
35.764954,-119.291352
37.2305414,-121.2527838
39.8066831,-123.213851
21.9286111,-159.5302778
19.426341,-154.88281
45.874588,-122.805091
42.7284205,-123.5771744
43.4307713,-119.604719
48.7162576,-121.1513693
46.110714,-119.1654968
61.2759974,-149.7759529
55.3574193,-131.6962978
45.1833421,-69.2270821
43.3076829,-113.9447521
48.3131053,-117.2818642
58.090235,-135.4194616
33.999677,-117.3675233
36.1697096,-115.1236952
67.1917558,-149.1671524#!/bin/bash

SCRIPT_PATH=/home/techmi5/public_html/gospelpedia/feed_importers/meet_the_need
DELETE_SCRIPT=delete.php
INSERT_SCRIPT=insert.php

cd $SCRIPT_PATH

php $SCRIPT_PATH/$DELETE_SCRIPT
php $SCRIPT_PATH/$INSERT_SCRIPT
